id,EAP,HPL,MWS
id27251,0.13457666387336212,0.7456254043133026,0.11979793181333517
id09612,0.2516376872597871,0.24698272401465315,0.5013795887255597
id11943,0.12983816904345344,0.07825444990481073,0.791907381051736
id19526,0.1836358587040495,0.3437593919786271,0.4726047493173233
id12931,0.19526686316553518,0.10454850851758969,0.7001846283168751
id06733,0.7253695039754328,0.18602104847668063,0.08860944754788662
id16953,0.737166853936976,0.037943310329111225,0.22488983573391272
id18063,0.3898781152257645,0.3480629128516426,0.262058971922593
id12126,0.7134695964092067,0.10311696775802955,0.1834134358327637
id10971,0.7060346606357786,0.19027709003852056,0.10368824932570085
id12547,0.23731972628219397,0.6267434662338598,0.1359368074839463
id02682,0.6725688727922038,0.13246524282112185,0.1949658843866743
id15489,0.5743801744355036,0.17473032918089312,0.2508894963836032
id20545,0.37120130692473047,0.29120030258871743,0.33759839048655216
id09929,0.2872855084537479,0.2242182803006849,0.48849621124556714
id08339,0.5184393218850719,0.3806363197192374,0.10092435839569067
id17930,0.08320408664679195,0.04859529313667741,0.8682006202165305
id14710,0.43554953419183257,0.1058919629203616,0.45855850288780586
id04163,0.18085917899681384,0.5723919696762546,0.24674885132693153
id10856,0.39197161294516947,0.0909743837224882,0.5170540033323422
id17946,0.20093856876258634,0.5381814790804221,0.2608799521569916
id16836,0.16267300515583805,0.04421680291205522,0.7931101919321066
id09242,0.05849732097591231,0.026340579761756636,0.915162099262331
id04575,0.7724017002563004,0.11833178247314992,0.10926651727054969
id22197,0.6486219343498584,0.12460772540456302,0.22677034024557863
id27119,0.2866062363140144,0.028757628353134498,0.684636135332851
id01984,0.3031921228916028,0.21838830543760113,0.4784195716707961
id24172,0.2651516601818646,0.6883721966734683,0.046476143144667206
id09087,0.06969703430122849,0.15506773535496754,0.775235230343804
id22832,0.6882824527722147,0.24112479641888354,0.07059275080890166
id05428,0.2199637395160988,0.2111783197546162,0.568857940729285
id14429,0.6266130715238543,0.32243723479345676,0.050949693682688896
id25030,0.2752190822390195,0.0642377402370069,0.6605431775239736
id21894,0.8585604832136531,0.08091096860267416,0.06052854818367287
id24686,0.6303467258791833,0.34127478901045244,0.02837848511036431
id06840,0.22839789184408907,0.39232889666977605,0.37927321148613485
id24763,0.5750669000888419,0.34744738018017085,0.07748571973098732
id20320,0.34426691916478547,0.40332091348713006,0.25241216734808436
id06379,0.5817823989024803,0.1264932786575016,0.29172432244001817
id06429,0.6849120415305913,0.1638780957437942,0.15120986272561446
id17388,0.5883712955344913,0.32961678871933564,0.08201191574617304
id11823,0.7552283372098451,0.1456663712119377,0.09910529157821729
id12924,0.4127999954311039,0.44331360213139254,0.14388640243750359
id19834,0.3537415352296324,0.09953928448726021,0.5467191802831075
id01825,0.5018797983598825,0.3279275591405898,0.17019264249952765
id00415,0.4077855325081506,0.290780012386053,0.3014344551057964
id01610,0.5503364851777136,0.27714604059332415,0.17251747422896235
id07462,0.4696524856976664,0.4152221492111701,0.1151253650911635
id27296,0.586509201938993,0.310905766892868,0.10258503116813904
id18565,0.7319043454274805,0.0708686143376998,0.1972270402348197
id11733,0.3390196966855582,0.3848373700819504,0.27614293323249123
id18279,0.3450473983365407,0.5812724402053093,0.07368016145814998
id14383,0.41012835952999244,0.49471939711468843,0.09515224335531919
id05625,0.29037791686402675,0.5399872280846637,0.16963485505130965
id05406,0.7149370886291719,0.21909583813808448,0.06596707323274362
id22317,0.7089771002762343,0.08760492710093623,0.20341797262282948
id12569,0.2918424518546017,0.5830324636175402,0.12512508452785803
id09453,0.6010287008931248,0.305255772786967,0.09371552631990808
id18307,0.5227971870482421,0.2967192560673171,0.18048355688444082
id15034,0.6825755929415445,0.17190704710670315,0.14551735995175233
id25485,0.5230190975880333,0.13224867747677993,0.3447322249351867
id00529,0.6786588789580896,0.08032291232893425,0.2410182087129762
id00667,0.1464458271272033,0.0728354198706469,0.7807187530021499
id07439,0.3751738408268393,0.038755673555402985,0.5860704856177577
id25318,0.7050584511250585,0.11230552818275677,0.18263602069218482
id00673,0.11251578698626118,0.8262000973455265,0.061284115668212354
id13188,0.231659553597912,0.5975056373485517,0.17083480905353635
id27629,0.5820681526373437,0.21522850107463934,0.20270334628801698
id25056,0.34692360346410767,0.11552879929696802,0.5375475972389242
id18233,0.15162671814203907,0.13291461020795198,0.715458671650009
id20263,0.6405162782119342,0.21273628651118398,0.14674743527688172
id25220,0.37737864548791183,0.13307125783865695,0.4895500966734312
id07326,0.4413989996225863,0.5273698689723929,0.03123113140502072
id02012,0.2449073105036134,0.19986260102300554,0.555230088473381
id18628,0.8203839613179962,0.08553087736679367,0.09408516131521023
id17084,0.6199033082108023,0.3358269917761525,0.04426970001304536
id09898,0.11568067522216127,0.6983174441325493,0.1860018806452895
id07012,0.26045030971477695,0.16273507098373366,0.5768146193014894
id13214,0.7699791804218167,0.0947155299414687,0.13530528963671476
id19111,0.5756151893788058,0.2838099098116507,0.14057490080954335
id01955,0.1612838835474202,0.5388896003964785,0.2998265160561012
id03079,0.7147037300156045,0.05238947028890607,0.2329067996954894
id03764,0.8425693556036349,0.020474403307093846,0.1369562410892713
id20663,0.19333609715137112,0.5823665076991158,0.22429739514951297
id17379,0.3093665876301999,0.36763338143585544,0.32300003093394464
id00990,0.39585574861427814,0.05442268467635839,0.5497215667093635
id01562,0.8308414939112075,0.0810356597155648,0.08812284637322763
id20005,0.18625768911111812,0.4921217698453779,0.32162054104350396
id26167,0.1908898589179476,0.5071237699696394,0.30198637111241305
id11146,0.279561805803449,0.108986058028479,0.611452136168072
id05247,0.08743470057164457,0.6161567466139195,0.29640855281443595
id14547,0.7169728671552567,0.13186629568172686,0.15116083716301643
id01229,0.3414691883709373,0.26386342452487294,0.3946673871041897
id20881,0.34184475783213847,0.5158287440218066,0.14232649814605502
id18971,0.12410601169653632,0.0769263724745737,0.79896761582889
id16703,0.40534699376165645,0.22616885995472438,0.3684841462836192
id04874,0.34392386706808376,0.11865830322409435,0.5374178297078218
id17214,0.4591232162756291,0.4333448297934674,0.10753195393090349
id06402,0.5405996737135537,0.23600933196313362,0.2233909943233127
id01926,0.09571435406807763,0.1702683648527696,0.7340172810791527
id23963,0.6674658084279328,0.14446179753579283,0.18807239403627432
id13003,0.7922397054081453,0.10510598470657777,0.10265430988527705
id26286,0.6654452317713229,0.09635574409031077,0.23819902413836644
id22639,0.2045792504166649,0.020716149470367356,0.7747046001129677
id14305,0.09056952966358156,0.8159359533341887,0.09349451700222979
id18386,0.46461377895096806,0.47943379601886477,0.055952425030167244
id15779,0.1631659561897148,0.7118688582760417,0.12496518553424336
id07287,0.6086347714924517,0.306777559034306,0.08458766947324237
id04086,0.2842533414139499,0.48739914306569837,0.2283475155203518
id06845,0.6093829400550892,0.1616816271807399,0.22893543276417094
id05847,0.05630507392610201,0.046818285793728286,0.8968766402801697
id07235,0.4091406557632476,0.4531089393636162,0.13775040487313625
id13305,0.12063408091161489,0.04566985084407103,0.8336960682443141
id04859,0.3734161076872084,0.07302817812159296,0.5535557141911988
id21702,0.6390264614361006,0.0971595455243385,0.2638139930395609
id12464,0.320240075702068,0.3160905271129622,0.36366939718496966
id04858,0.22262065819879587,0.09647211328313175,0.6809072285180724
id05208,0.32341562619231246,0.583319878049998,0.09326449575768954
id16101,0.5200294913808298,0.20087384170002656,0.27909666691914364
id03259,0.29537164444381625,0.06751678398612418,0.6371115715700597
id08821,0.6071006207985743,0.3038354508426925,0.08906392835873321
id12684,0.6746607883316635,0.07014970756117467,0.2551895041071617
id21971,0.6072167031371271,0.06886925908961752,0.32391403777325556
id19185,0.05612561084997091,0.013684175010324307,0.9301902141397049
id12803,0.1619359300497058,0.5135485703084895,0.3245154996418046
id13638,0.7746338931317137,0.10622989175924581,0.1191362151090404
id12442,0.07128247724271633,0.015319783078771864,0.9133977396785118
id01864,0.36189996620876796,0.19367106581570806,0.44442896797552395
id04609,0.4101963129175667,0.49018136695773357,0.09962232012469983
id16405,0.5077701051621006,0.24779873945313424,0.2444311553847651
id06062,0.26503469548908215,0.5170982860169132,0.21786701849400458
id15411,0.30388114723488513,0.09611315676163147,0.6000056960034834
id04331,0.35587724537646054,0.42175244369954495,0.2223703109239945
id02586,0.6535139578157885,0.213133599048617,0.13335244313559458
id02269,0.3924804476772277,0.5306755092119435,0.07684404311082882
id15595,0.33605497499917886,0.13377868752450386,0.5301663374763173
id15376,0.503119430257645,0.36254280456203686,0.13433776518031806
id22922,0.42776533513518666,0.04965674557980538,0.522577919285008
id25105,0.39414057025325855,0.4004464208711703,0.205413008875571
id24335,0.18752984294360026,0.7131558051142705,0.09931435194212923
id10259,0.7611172872802096,0.08854958075702835,0.15033313196276207
id00404,0.0015727416992106034,0.005194992855086804,0.9932322654457026
id24888,0.5700422858281519,0.2109250609427058,0.21903265322914248
id06947,0.5436479550419684,0.3304004367753428,0.12595160818268877
id00289,0.27664080775275557,0.5344730392581288,0.18888615298911557
id13793,0.7401117648212329,0.17157789518899053,0.08831033998977661
id14938,0.11597747755644622,0.06227029816082332,0.8217522242827305
id08573,0.6424989470645114,0.13992047728704515,0.21758057564844352
id12254,0.23015311800040034,0.18898180767988665,0.580865074319713
id12394,0.7347599789571905,0.2000612796093368,0.06517874143347258
id22657,0.6006905227284433,0.07451004417706279,0.32479943309449405
id25125,0.6066438069968839,0.1359710110936065,0.25738518190950965
id05570,0.29915169025962135,0.3213366118226316,0.379511697917747
id26405,0.33214021399549865,0.09346390371360314,0.5743958822908982
id25600,0.27039636078252677,0.28502238887181086,0.44458125034566237
id20150,0.7322450780653021,0.0983193703632173,0.16943555157148044
id24474,0.2308831118880722,0.039487420481821536,0.7296294676301063
id13890,0.3507616405866127,0.4052768410138342,0.24396151839955307
id21983,0.3813935605533484,0.261140383220757,0.3574660562258946
id17383,0.5109892992439363,0.4545126688600768,0.03449803189598681
id19032,0.6976178823944726,0.13914853549486414,0.1632335821106632
id11033,0.47698092395929587,0.37550960413973666,0.14750947190096747
id02008,0.08517326646171196,0.7983929556539778,0.11643377788431025
id01845,0.7373136850980087,0.0933521846947874,0.16933413020720398
id27128,0.47717091306341275,0.14304301355428584,0.3797860733823014
id17878,0.7925504115516662,0.17954418091287572,0.0279054075354583
id05128,0.4669257789490659,0.2300694773257954,0.3030047437251386
id07562,0.18713405736466024,0.4497034988736277,0.36316244376171203
id02377,0.27603118014116534,0.06172350724869206,0.6622453126101425
id13833,0.21003702346294212,0.09407538791844024,0.6958875886186178
id22676,0.41976364467298966,0.45575263294775814,0.1244837223792522
id23665,0.6687464445919645,0.24613475700488396,0.08511879840315159
id18860,0.17969144435472323,0.031067302333494497,0.7892412533117823
id25276,0.5059254049926274,0.17507128122215232,0.31900331378522034
id11845,0.21910686142547797,0.7370712773557586,0.04382186121876321
id27221,0.389655084779728,0.09418122075524495,0.5161636944650271
id07918,0.31291093838116824,0.10325808795088837,0.5838309736679435
id09001,0.23817432915532213,0.318466690796908,0.4433589800477699
id23480,0.24789474728192623,0.35229271636508425,0.3998125363529896
id02268,0.5091129230798134,0.3283674621329718,0.16251961478721486
id18487,0.374617488036697,0.18256702612222164,0.4428154858410814
id15725,0.2537594982837397,0.0811508281334994,0.6650896735827608
id15040,0.4211753039730345,0.24315382639959562,0.3356708696273699
id05940,0.45511010941056124,0.13681996357598597,0.4080699270134528
id26900,0.34639533049537347,0.517770858091144,0.13583381141348244
id05646,0.08998785029051272,0.052192718190461035,0.8578194315190262
id00198,0.18604827743566177,0.31676298308030076,0.4971887394840374
id23055,0.6326924655213357,0.18099894532730212,0.1863085891513622
id20415,0.8275392580485555,0.04203792982667646,0.13042281212476797
id16372,0.6043877785073563,0.17715702180045703,0.21845519969218669
id13115,0.5077701051621006,0.24779873945313424,0.2444311553847651
id09372,0.25780244572493133,0.055249028105300704,0.6869485261697681
id21243,0.18663770594798887,0.045866854408834284,0.7674954396431768
id12975,0.7130879518159826,0.028680733610730615,0.2582313145732868
id02152,0.17070942932896555,0.6629090355215261,0.16638153514950826
id05707,0.6031652397891215,0.10350411163190733,0.2933306485789712
id26722,0.6102271948875093,0.2788618125888972,0.1109109925235935
id18208,0.14684923245738168,0.0930539874828023,0.7600967800598161
id25066,0.8591779317133048,0.09511898769300191,0.04570308059369338
id05116,0.16550316139178284,0.6242471761344045,0.21024966247381272
id10003,0.27997385129773233,0.09239913059840009,0.6276270181038675
id26966,0.4005116739405012,0.2639182147560467,0.3355701113034521
id05829,0.4265930326649955,0.18640767770976926,0.38699928962523533
id25035,0.29256674597018356,0.18702949974755403,0.5204037542822625
id19222,0.35015194663813926,0.47330698249549985,0.1765410708663608
id13721,0.4752328076841297,0.15328374993184826,0.37148344238402214
id07541,0.2966291788094428,0.173423887207061,0.5299469339834962
id16893,0.6864127586031002,0.1723532740706467,0.14123396732625304
id17821,0.39960733112441066,0.5575848764854823,0.042807792390107215
id25455,0.08664008791282464,0.4950148082696555,0.41834510381751994
id25702,0.19978372330453964,0.7298184521477648,0.07039782454769555
id04090,0.5542866318644692,0.4253267276162141,0.020386640519316546
id24784,0.7233403050316021,0.05046740770944394,0.22619228725895413
id22483,0.5700435475635086,0.28723606083360104,0.14272039160289032
id02063,0.9286719964053181,0.04846964385332733,0.022858359741354632
id11674,0.45040203747367386,0.1008537083949818,0.44874425413134433
id24307,0.47323225353673665,0.25343208361164327,0.27333566285162014
id01202,0.1881661783487486,0.34780335813997965,0.4640304635112717
id10403,0.13248891702638305,0.818108963571425,0.04940211940219194
id19361,0.5726987029244358,0.2442993614169567,0.18300193565860745
id09128,0.7346467169985847,0.1227675430598741,0.14258573994154114
id24337,0.14956008495435777,0.05415580208147159,0.7962841129641707
id13849,0.08312434314288165,0.02674984889274356,0.8901258079643748
id00777,0.06641874168167097,0.9061272358030543,0.027454022515274713
id16534,0.0812738252650445,0.8568417956714492,0.06188437906350616
id15455,0.15573186197185376,0.32238966540236697,0.5218784726257794
id06764,0.41245514225221064,0.36729676437578285,0.22024809337200665
id04970,0.13149769447559406,0.08347906808171372,0.7850232374426922
id26524,0.25786990009809585,0.7056763473144311,0.03645375258747291
id19098,0.3792313388953487,0.19991846732427904,0.42085019378037225
id26956,0.17197392008010018,0.7634147703409181,0.06461130957898183
id18254,0.5784308733362334,0.3772211744698458,0.04434795219392058
id23098,0.6724839474268344,0.2635857861601212,0.06393026641304457
id15827,0.49022567603110345,0.28725410561660836,0.22252021835228822
id17418,0.30782026809423385,0.41734437624274107,0.2748353556630252
id26888,0.6408302177153837,0.19700640399910346,0.16216337828551286
id10502,0.7088236448159595,0.16191740386073342,0.12925895132330711
id15536,0.1720612979424234,0.584000271283722,0.24393843077385466
id10367,0.16939631061940696,0.1080403821600437,0.7225633072205492
id02836,0.6746732853690318,0.16558909881679285,0.15973761581417534
id26334,0.24640432018916864,0.1931301679666548,0.5604655118441766
id14146,0.32209701042004174,0.26889096275741237,0.40901202682254584
id22476,0.41778395995242656,0.11854365372371412,0.4636723863238593
id19981,0.13371620821302832,0.3320981000033955,0.5341856917835761
id13149,0.277766153739594,0.6270361266479021,0.09519771961250394
id22987,0.20348408238998783,0.44513031482978427,0.351385602780228
id02437,0.6222874690841208,0.1996717944572426,0.1780407364586367
id25375,0.7213103325421116,0.08038639092466715,0.19830327653322102
id27784,0.3594892845843948,0.21841684107470963,0.42209387434089557
id18392,0.6519155228297668,0.25272956089319765,0.09535491627703535
id01010,0.3521309531090516,0.40894781686236115,0.2389212300285872
id02515,0.4385232521033285,0.398346266909145,0.1631304809875266
id24667,0.36458815867673317,0.34547239591873946,0.28993944540452743
id09968,0.5188379424181813,0.211973328971185,0.2691887286106337
id09801,0.30857632555456554,0.3291591064733315,0.3622645679721029
id07777,0.44984979345487497,0.3085123389848107,0.24163786756031433
id02022,0.7547030164978261,0.10700091574718336,0.13829606775499056
id26531,0.4392567861091055,0.3895803064798495,0.17116290741104495
id06905,0.07452229871365768,0.8132922896939087,0.11218541159243359
id01590,0.2825792830048246,0.613788427647844,0.10363228934733136
id07909,0.8005747931123268,0.1106331660920461,0.08879204079562703
id19095,0.28526721715186426,0.6186738350232512,0.09605894782488454
id07946,0.3677420070288449,0.49902736218860066,0.13323063078255445
id02435,0.29789818213901337,0.24595886577580228,0.45614295208518435
id25577,0.5289960653769799,0.04463674269488999,0.42636719192813016
id05776,0.7772191638189869,0.11620773591180286,0.10657310026921023
id15295,0.07791987954768352,0.1552399634602122,0.7668401569921043
id18691,0.307598740560226,0.14849048759526373,0.5439107718445103
id24378,0.12490801626193725,0.10764029929837238,0.7674516844396905
id11359,0.7204734345723045,0.14277390036182516,0.1367526650658704
id05027,0.8736349763383551,0.09344189963118,0.032923124030465045
id15187,0.277013632669663,0.37877487957256356,0.3442114877577735
id13945,0.8172305649135921,0.040667691657251294,0.14210174342915663
id00153,0.7723875901420102,0.13390397994342643,0.09370842991456342
id02397,0.6381958941844332,0.2504057390810531,0.11139836673451355
id12993,0.05956985301702061,0.7558354602015859,0.18459468678139346
id04122,0.28540891557350073,0.5740995706235178,0.14049151380298147
id16086,0.6776389182706225,0.21706575435228742,0.10529532737708998
id13669,0.7738152395336034,0.13953522653513784,0.08664953393125872
id03700,0.5637856420453694,0.22993368688693247,0.206280671067698
id20541,0.4367809375159514,0.4116616986048611,0.1515573638791875
id20164,0.3131822320492799,0.4241979010509458,0.2626198668997743
id19169,0.22373266315684906,0.05980874694199313,0.7164585899011577
id25253,0.7801233992506266,0.09408322547133766,0.12579337527803586
id15979,0.4755229956345147,0.35156161897453375,0.17291538539095158
id21601,0.33481871467535634,0.05223196834595261,0.612949316978691
id21755,0.41045350585934587,0.06163427028705222,0.5279122238536019
id07663,0.36392998468078736,0.4715937470943398,0.16447626822487282
id19754,0.1361582585786537,0.013107529001550773,0.8507342124197954
id23810,0.052897305349500524,0.03740168750238366,0.9097010071481157
id22249,0.6191047042240878,0.030872924238284083,0.35002237153762805
id05064,0.13216469747934745,0.41529162647001205,0.4525436760506406
id16503,0.07060780676877294,0.1981302123072317,0.7312619809239953
id09299,0.7082874587836241,0.10126976091516349,0.19044278030121242
id01258,0.751312031141144,0.16683241489361397,0.08185555396524215
id17206,0.6035483634895503,0.2089967822812885,0.18745485422916106
id24399,0.82088014899233,0.07839885823185241,0.10072099277581774
id18765,0.5540280702621838,0.4122761575820103,0.033695772155805784
id09978,0.19659484636376412,0.6810348857464458,0.12237026788979012
id20016,0.4505101348021684,0.33080226441578947,0.21868760078204214
id27483,0.27744185826361123,0.3733882926279088,0.34916984910848
id01080,0.1307986589750618,0.11877814163996642,0.7504231993849718
id09843,0.14765114919961608,0.2884207010198224,0.5639281497805615
id07021,0.5829592386088059,0.23651886904985656,0.1805218923413375
id02570,0.15373066236290853,0.6072457218989756,0.23902361573811592
id07149,0.8557705407990792,0.0701983740793704,0.07403108512155035
id27767,0.7636005646149647,0.19336130099850357,0.043038134386531715
id09925,0.14178584006751907,0.05627983517447155,0.8019343247580093
id16212,0.33370280949971987,0.34889274620260835,0.3174044442976718
id02253,0.8389110477304207,0.07753625379013016,0.0835526984794492
id02676,0.5223339716841682,0.37320964635301873,0.10445638196281308
id16060,0.4657970197335298,0.14029713786392015,0.39390584240255005
id23740,0.22551763585426454,0.3756861015651838,0.3987962625805517
id27551,0.673225006178965,0.10672540117469098,0.22004959264634402
id14449,0.20780872150747431,0.6282565597570552,0.16393471873547044
id10263,0.2663197553401644,0.5157914915292864,0.21788875313054915
id25055,0.1777949062406182,0.6872041296510428,0.13500096410833895
id17910,0.5262055340763298,0.12589895766502146,0.3478955082586488
id25479,0.09268281463344667,0.02144528976763479,0.8858718955989187
id19167,0.7841471412540338,0.1515100669699678,0.06434279177599837
id19510,0.24482056330264426,0.205030834143198,0.5501486025541578
id01291,0.6699178317753179,0.06903972001422022,0.26104244821046196
id10130,0.5615807290216165,0.2462656805486428,0.19215359042974073
id13200,0.16689460301621706,0.3148195878574694,0.5182858091263135
id08441,0.6647777748798412,0.09473632798493213,0.2404858971352266
id13439,0.6154218262134241,0.12346774288421888,0.26111043090235697
id10948,0.5709417438758498,0.2846446642732799,0.14441359185087024
id17262,0.40987482231400174,0.31083823421008566,0.2792869434759126
id11137,0.20587944079603035,0.5112760002367985,0.28284455896717114
id00710,0.41801323576022376,0.19987651953898336,0.3821102447007929
id17471,0.19449175283932288,0.06960759401238609,0.735900653148291
id05451,0.5214349450309348,0.2770588071710487,0.20150624779801668
id05685,0.3677909058975829,0.3471347156421311,0.28507437846028605
id07636,0.2519893392990743,0.5739271081551067,0.17408355254581892
id00086,0.6849316269633462,0.22776266288926938,0.0873057101473844
id21089,0.11791495574062122,0.05365675187750754,0.8284282923818712
id11617,0.5343725251335838,0.3969232784138444,0.06870419645257186
id15872,0.36951653157044245,0.33095851608847354,0.299524952341084
id18850,0.08050114601953165,0.26239265414143165,0.6571061998390366
id04058,0.7341188746056744,0.1156427714772516,0.15023835391707394
id01628,0.8283215981807787,0.07661842034940848,0.095059981469813
id26475,0.5822122313748023,0.17625784239915787,0.24152992622603986
id22990,0.18105215063235802,0.43859420384468356,0.3803536455229583
id12781,0.6074860510570332,0.1196760524053655,0.27283789653760127
id15574,0.6217179873016023,0.0787821870112628,0.29949982568713507
id00218,0.6197522875786897,0.037903593953375225,0.3423441184679351
id00082,0.12590255496909916,0.7291433338124078,0.144954111218493
id25297,0.6607442030870757,0.143777212865175,0.19547858404774932
id11248,0.7025243467406352,0.1945437803529265,0.10293187290643832
id09166,0.5177329529470367,0.25527557566419146,0.2269914713887719
id04620,0.9092324771202076,0.04379831207517348,0.04696921080461898
id24215,0.6503558351627359,0.12790344946212714,0.221740715375137
id07971,0.6204705627025406,0.06369085117854491,0.3158385861189145
id18361,0.2107641711551082,0.17423811738292713,0.6149977114619647
id09080,0.4341508559392444,0.13857015905280934,0.42727898500794637
id15149,0.16106487607896888,0.24446680733926698,0.594468316581764
id11994,0.579961041748443,0.20247985703672028,0.21755910121483674
id00971,0.12892795077976937,0.5904102346856145,0.28066181453461614
id14427,0.09752634683084799,0.0892403454877068,0.8132333076814451
id09840,0.44587720578520446,0.039297008549939824,0.5148257856648557
id02930,0.8073144740122445,0.06504228902292424,0.1276432369648313
id09020,0.41651344547461416,0.3260946065973519,0.257391947928034
id22474,0.11327543272584631,0.12444689425497649,0.7622776730191773
id14085,0.3201958106662635,0.6508603724820667,0.028943816851669663
id23355,0.6788744319307849,0.14539083032818967,0.17573473774102538
id05762,0.7386234947846142,0.16001834757019484,0.101358157645191
id18134,0.7531671226807086,0.1811271341271175,0.0657057431921739
id22415,0.4564338114916001,0.17309849071093694,0.3704676977974629
id26387,0.4189980864401539,0.09091351142963681,0.4900884021302092
id06134,0.5820213568067674,0.19759321135123917,0.22038543184199336
id26830,0.2793356646039119,0.6680160667249887,0.0526482686710994
id05850,0.26062434480777813,0.653312185609612,0.0860634695826099
id27346,0.23635476850799414,0.4228680147533077,0.3407772167386981
id02605,0.27139751225310893,0.4100788857893591,0.31852360195753204
id10940,0.2476020020221457,0.033291679816850744,0.7191063181610036
id03916,0.3027947719300645,0.5869637236388101,0.11024150443112547
id04312,0.41280059297975946,0.3017079029376301,0.2854915040826103
id20955,0.2679144228201423,0.07049716313409332,0.6615884140457644
id19894,0.5360724259130816,0.2521777657744893,0.2117498083124291
id10258,0.49356580854206744,0.17670269004492598,0.3297315014130066
id24152,0.3125281551442178,0.09694450322774105,0.5905273416280412
id04295,0.4406625540921313,0.25352041658371366,0.3058170293241551
id08510,0.7688468121178939,0.15556811816168475,0.07558506972042132
id18544,0.4569961015439273,0.5101333527171094,0.032870545738963274
id26787,0.17737271312751057,0.7166768069699956,0.10595047990249395
id11610,0.7982250373752401,0.08073335600247278,0.12104160662228719
id19424,0.19603583645255984,0.6334419731627234,0.17052219038471672
id24731,0.22213840195178336,0.07704027531790379,0.700821322730313
id07846,0.49486203027162645,0.3798864526776798,0.12525151705069373
id04059,0.7789850451305965,0.13590077887719032,0.08511417599221324
id25352,0.08053398566357947,0.228014247358598,0.6914517669778226
id09655,0.6429020507860235,0.23261259228744843,0.12448535692652812
id15287,0.7613097291107719,0.16283860526179478,0.07585166562743327
id20447,0.7822015642002732,0.10720302431179889,0.11059541148792783
id08044,0.3864140239536321,0.013657285718742241,0.5999286903276256
id21172,0.15375648263077873,0.028223399658825907,0.8180201177103953
id19300,0.3588774074073041,0.34105065817069236,0.30007193442200353
id04865,0.2789047159527972,0.5701232347982682,0.15097204924893448
id27594,0.6423809533238952,0.29494960805663756,0.06266943861946711
id22678,0.46975138844189923,0.14163206069032325,0.3886165508677775
id25885,0.613417888283187,0.3462111688703346,0.040370942846478394
id10405,0.6061111013427144,0.20964636198484946,0.18424253667243623
id05343,0.5449963579154674,0.1895817428391272,0.2654218992454053
id02820,0.2585857281882566,0.1564591343472985,0.5849551374644449
id15406,0.4685415155465936,0.2775589615126334,0.253899522940773
id13840,0.0988734009858153,0.8372140646393516,0.06391253437483321
id10008,0.11827734848905609,0.07659534101173648,0.8051273104992074
id03478,0.2924039485674481,0.5028879152861568,0.20470813614639505
id11489,0.3446841505184366,0.05011019391821872,0.6052056555633447
id01873,0.22372008398219947,0.6549718107639598,0.12130810525384081
id01640,0.10651651821839098,0.8077590179068106,0.08572446387479823
id26682,0.7978950469044581,0.13248148908426816,0.06962346401127383
id05642,0.11481645005196925,0.1127584202036876,0.7724251297443431
id03312,0.030309628120963005,0.8452252938818691,0.12446507799716794
id03949,0.48048632826028653,0.29614321622609857,0.22337045551361484
id23015,0.4606960934304462,0.4880121641323816,0.05129174243717223
id18003,0.7569314330874037,0.08037642794042946,0.1626921389721667
id00548,0.6980165415594716,0.09017456691185402,0.2118088915286744
id25730,0.24990462952896558,0.20717227224259094,0.5429230982284434
id18957,0.22814573280824527,0.13482243162203697,0.6370318355697178
id20072,0.39565444613776046,0.3231866606613445,0.28115889320089493
id06710,0.6005427058210988,0.1927543258240269,0.20670296835487414
id02029,0.8437204861982859,0.08206004017245315,0.07421947362926098
id03739,0.5691725610288724,0.03256227685650248,0.3982651621146252
id18389,0.6852973023567656,0.2863626491025734,0.02834004854066096
id18923,0.40082841584732387,0.1624605638235751,0.436711020329101
id10882,0.6319405864089584,0.052330721842049024,0.31572869174899254
id21774,0.06286799402998267,0.030241558145993646,0.9068904478240236
id06412,0.14703941502795698,0.07048403782089993,0.782476547151143
id16678,0.790128143719846,0.10691708311047488,0.10295477316967917
id04397,0.21739931480361552,0.7041918478569741,0.07840883733941043
id25481,0.27247666552491795,0.389954140507892,0.33756919396719
id22511,0.23672456958725674,0.0535741317851664,0.7097012986275768
id25531,0.5033739124595878,0.2885157731539786,0.20811031438643363
id13858,0.737357536861938,0.23592183364065655,0.026720629497405408
id22937,0.8015811580643988,0.07480551878779886,0.12361332314780231
id05739,0.58473925594435,0.28209270795811014,0.1331680360975398
id23893,0.09131603646090784,0.07387749548125314,0.834806468057839
id02187,0.3597305003610653,0.3546307047954401,0.28563879484349475
id00572,0.07418196416530333,0.010051246220007056,0.9157667896146895
id12139,0.786081072860825,0.16127124261461387,0.05264768452456113
id00268,0.24060174645642904,0.08609423684061931,0.6733040167029516
id27074,0.8686092437092965,0.06691101580751668,0.0644797404831868
id17788,0.4263867293106677,0.453480078633171,0.1201331920561613
id12101,0.6035691478310123,0.0829892630304059,0.3134415891385818
id14428,0.6139506637068398,0.21011849730048965,0.1759308389926706
id26495,0.3572293195834025,0.33066463920466865,0.3121060412119288
id12894,0.05544432986371747,0.9035352341883838,0.04102043594789863
id26911,0.42518904360654375,0.2134220708530937,0.3613888855403626
id06899,0.4540409117991832,0.26862151646378607,0.2773375717370307
id11263,0.13060469865736063,0.027283843316438024,0.8421114580262014
id11256,0.13729431417513138,0.23974684203353772,0.6229588437913309
id14529,0.05352007332342088,0.11481083279031658,0.8316690938862626
id04256,0.541656676750386,0.2784165012508126,0.1799268219988014
id19152,0.365668776235138,0.13505728247678186,0.49927394128808017
id12699,0.7550558704150363,0.10557241397159786,0.13937171561336587
id20645,0.8898536863823506,0.06753570710517194,0.04261060651247744
id15910,0.31390426322382153,0.22769481780434328,0.45840091897183516
id16897,0.7765273566615052,0.09393667049761999,0.12953597284087495
id19225,0.16188029276711796,0.4683991707522639,0.3697205364806181
id15103,0.31301780363815157,0.19754108563334014,0.4894411107285082
id10738,0.2289430570775318,0.6714260958525371,0.09963084706993111
id01098,0.45475647327968466,0.3179471133408913,0.22729641337942413
id21943,0.086946985133856,0.06140925239924305,0.851643762466901
id27077,0.7136397245202496,0.12242991812528464,0.16393035735446573
id09914,0.7324637124238587,0.15684731888494213,0.1106889686911992
id09241,0.7810253791689468,0.05575468299852882,0.1632199378325243
id04228,0.4702367230406094,0.099102718431359,0.43066055852803153
id05632,0.5545312964259388,0.1891573135431005,0.25631139003096065
id27534,0.7956337413540889,0.11264252669031952,0.0917237319555916
id07045,0.5729270347247378,0.36111107185139246,0.06596189342386974
id07441,0.1797729134673596,0.03932775508369552,0.7808993314489449
id26040,0.7795455088844325,0.11357364637616171,0.10688084473940576
id17860,0.16503102493878716,0.041831188658781625,0.7931377864024312
id27287,0.5842114784772267,0.3400018574036434,0.07578666411912986
id25258,0.5001688326487184,0.24606935256110307,0.2537618147901786
id06690,0.6529714875949154,0.13754967647165028,0.2094788359334343
id12761,0.4749074949849127,0.16498882488500546,0.36010368013008187
id05071,0.5077701051621006,0.24779873945313424,0.2444311553847651
id12506,0.5384013103872554,0.23785335791877002,0.22374533169397454
id03274,0.500698327484645,0.07556953443202549,0.42373213808332943
id16515,0.821784922168969,0.04716207841847383,0.13105299941255713
id03288,0.7339493896847237,0.0501232510077886,0.21592735930748783
id03704,0.4887437842080866,0.14791001678384008,0.3633461990080733
id01078,0.8736362149427298,0.05233079648567825,0.07403298857159185
id05315,0.2640357416710357,0.12495594315692338,0.6110083151720409
id10719,0.03742571368742179,0.8635364259948665,0.09903786031771179
id24218,0.7308704737716585,0.18104177346622732,0.08808775276211428
id11672,0.7050476896004941,0.15141597118657263,0.14353633921293316
id24576,0.6669131639334481,0.0402150545388325,0.29287178152771925
id23412,0.6087631363237455,0.34569573077953836,0.045541132896716095
id07914,0.09266529101359712,0.6310590094776719,0.276275699508731
id21402,0.707139690650676,0.1308957389409677,0.1619645704083562
id24623,0.1977321027631034,0.4790115599907266,0.32325633724616987
id20139,0.7628344110399766,0.10924205006577105,0.12792353889425234
id10141,0.2484868340739403,0.11524998199202938,0.6362631839340304
id00604,0.8355065461378509,0.09985614854786366,0.0646373053142855
id13415,0.42084083213255863,0.5195985243329697,0.05956064353447167
id25376,0.4852119742017045,0.28584839511796495,0.22893963068033063
id23566,0.34352892576779687,0.5652384940117227,0.09123258022048053
id09714,0.43865747221270035,0.2347710280822985,0.3265714997050011
id16019,0.04994610917328463,0.3662904422283762,0.5837634485983392
id19788,0.19433827560928188,0.04826578366320529,0.7573959407275129
id20100,0.456361321562356,0.2917962523443638,0.2518424260932801
id18194,0.012934312452817781,0.021578117472980385,0.9654875700742019
id26093,0.12713212820677192,0.21747695346818507,0.6553909183250429
id09422,0.47201720470655195,0.26195699242829695,0.2660258028651511
id14985,0.290713542963368,0.07519758031357696,0.634088876723055
id06752,0.03348265550752141,0.03272184098848779,0.9337955035039908
id14717,0.0705033759434328,0.11262299240307796,0.8168736316534891
id11569,0.330007152776984,0.3514253888778958,0.3185674583451201
id22135,0.2554465394226389,0.6889995007715464,0.055553959805814866
id22176,0.25330350432766796,0.38757778177610497,0.359118713896227
id11901,0.5094327890652841,0.42279065091755014,0.06777656001716567
id20071,0.032005323704261054,0.0986263570219242,0.8693683192738149
id08130,0.1216901642323356,0.07133745600837468,0.8069723797592897
id12632,0.4912963802094959,0.40502012761302436,0.10368349217747971
id07717,0.37407438122524017,0.46818412478986626,0.15774149398489368
id09921,0.5311227340580525,0.33166330640679387,0.13721395953515353
id09990,0.33183943461304005,0.5348188643064634,0.13334170108049648
id03060,0.6165506135465006,0.06629011517607382,0.31715927127742555
id14122,0.1256691550833708,0.6532767840169975,0.2210540608996317
id15315,0.42164990430974353,0.041351092172132745,0.5369990035181238
id10279,0.7285507001503628,0.1644897268989481,0.10695957295068904
id12401,0.5985092648765374,0.2208892196288052,0.18060151549465733
id19766,0.09293839339141435,0.41235122907064575,0.49471037753793995
id27403,0.20545050415148097,0.7419511516204803,0.05259834422803883
id22192,0.2688744453471985,0.311349692215349,0.41977586243745246
id11854,0.07733417340448459,0.1012662940691899,0.8213995325263255
id24504,0.80395380687073,0.08298103798017041,0.11306515514909958
id24745,0.7768442739988697,0.05615658772428844,0.1669991382768417
id22813,0.4181932784305025,0.3696124726776326,0.21219424889186486
id18019,0.6584937377745768,0.1558041999015019,0.18570206232392142
id27062,0.7313736792304477,0.13457944715935774,0.13404687361019452
id24900,0.46558350829208545,0.3011966844313281,0.23321980727658637
id20932,0.30012695437014014,0.1570530237054837,0.5428200219243761
id02532,0.17516501137413698,0.5698314703197354,0.25500351830612755
id02841,0.16321173164304809,0.5268173333067575,0.3099709350501944
id16885,0.5150061923762528,0.23532607695717156,0.24966773066657558
id26228,0.3731595154034718,0.188579829143934,0.43826065545259413
id03940,0.5601659909170666,0.16080814480408318,0.27902586427885023
id04255,0.563517257036277,0.24463004902657004,0.1918526939371531
id26090,0.2886865986280356,0.0960559471306875,0.6152574542412769
id17086,0.30621526539138716,0.41859116061189106,0.27519357399672173
id09833,0.7364833554352017,0.10858529324038067,0.15493135132441757
id05188,0.15024393447295545,0.572486126859564,0.2772699386674805
id04559,0.8054030518334021,0.07357722520403398,0.12101972296256393
id26503,0.2652005790645817,0.6751207148429461,0.05967870609247227
id13851,0.7354111203026548,0.18700131802387618,0.07758756167346902
id02672,0.3203608620241597,0.5023614737554527,0.17727766422038763
id19820,0.4377122384269322,0.3765103159703497,0.18577744560271806
id05263,0.5583456609366596,0.40422425509420484,0.0374300839691356
id12737,0.1220552057807473,0.09044561148020758,0.7874991827390452
id16852,0.5599549417597502,0.31977306480365597,0.12027199343659387
id06394,0.2491640028232018,0.18324465884222757,0.5675913383345706
id26290,0.6800793924215948,0.286290933538563,0.03362967403984232
id26341,0.2109323787873717,0.09722844954559526,0.691839171667033
id27012,0.2575290495725018,0.55533666939074,0.18713428103675836
id20686,0.2851157464629104,0.23752585673774182,0.47735839679934783
id12474,0.618175459399765,0.2836469677786834,0.09817757282155161
id20859,0.8491864153267477,0.12695734956522783,0.02385623510802459
id25111,0.319619378670625,0.4787626922478588,0.20161792908151613
id11783,0.21746990458007268,0.07413624660818867,0.7083938488117386
id07278,0.10259807463813202,0.45418494690953004,0.44321697845233804
id03444,0.7021916735033561,0.06727202483274214,0.23053630166390168
id05967,0.3144793369123027,0.10505292142223875,0.5804677416654586
id16275,0.134964909508537,0.11951434075649352,0.7455207497349695
id09759,0.10579259453284848,0.43669677757584957,0.45751062789130204
id20187,0.2586101470323032,0.5559090901580401,0.1854807628096567
id27015,0.4559123419983513,0.13292628983132826,0.4111613681703204
id19155,0.09009798715601679,0.7555355216487296,0.15436649119525359
id23819,0.2059174514370299,0.24344692949037516,0.550635619072595
id20793,0.381257611402575,0.20102301080545693,0.4177193777919681
id17933,0.24476884454781664,0.13309569104213156,0.6221354644100517
id24907,0.07568740967673998,0.7376124367439368,0.18670015357932307
id06779,0.5377267385845367,0.3460585170153046,0.11621474440015876
id03854,0.6265117518220936,0.30464256490528846,0.06884568327261806
id22721,0.22733194816044283,0.6662151906187064,0.10645286122085068
id20133,0.3289993927279904,0.5232632063409665,0.147737400931043
id07359,0.24206103018354783,0.6356980085235859,0.12224096129286624
id03654,0.37759258299687815,0.05252313114399169,0.5698842858591301
id26791,0.36418599619772185,0.5203230835728693,0.11549092022940888
id19673,0.7594454714187913,0.16966807830475406,0.0708864502764546
id12944,0.48826725365194,0.11741519077422877,0.3943175555738311
id17430,0.16724655137488095,0.5996907831415874,0.23306266548353172
id11939,0.6449739972627299,0.0884825287996331,0.26654347393763705
id12270,0.31247226292443897,0.537725914429584,0.14980182264597702
id16865,0.6946176616502913,0.17716173056499818,0.12822060778471048
id26360,0.7238792414103112,0.0647752077000632,0.21134555088962556
id17450,0.4326901875029658,0.46385630010804285,0.10345351238899145
id11391,0.5173937995419802,0.08586759291021477,0.3967386075478051
id24404,0.4124699119335342,0.3717686430504558,0.2157614450160101
id17475,0.41187572760105157,0.22240099323936208,0.36572327915958625
id04966,0.3248287888225583,0.5587616802118571,0.11640953096558451
id06555,0.2548382556031906,0.13183836423607004,0.6133233801607393
id18576,0.056665715851205695,0.07572939797246757,0.8676048861763268
id07364,0.2051788542791911,0.09963396946459042,0.6951871762562184
id16508,0.5046886993548632,0.3723615113155541,0.12294978932958285
id09959,0.41154167400223185,0.1786675607797188,0.4097907652180493
id25007,0.16229569253784903,0.18278060032594617,0.6549237071362047
id18745,0.8678990918690676,0.10221794591188947,0.029882962219043133
id07627,0.4371672251816029,0.12181743265247807,0.44101534216591903
